L0_0:  (0.85295,0.573) -- (1.26165,0.4196) W
L0_1:  (0.40975,0.5417) -- (1.05115,0.3148) W
L0_2:  (0.72655,0.6255) -- (0.85295,0.5812) D
L0_3:  (0.69005,0.6275) -- (0.71545,0.62) W
L0_4:  (0.60725,0.6658) -- (0.68215,0.6393) D
L0_5:  (0.52765,0.6843) -- (0.60225,0.6578) W
L0_6:  (0.40115,0.7277) -- (0.56245,0.6713) W
L0_7:  (0.31815,0.5622) -- (0.39785,0.5363) D
L0_8:  (0.28765,0.7325) -- (0.30005,0.7662) O
L0_9:  (0.31565,0.7677) -- (0.39815,0.7383) D
L0_10:  (0.04985,0.6691) -- (0.32245,0.571) W
L0_11:  (0.23045,0.7557) -- (0.29055,0.7331) O
L0_12:  (0.16235,0.7785) -- (0.22285,0.7582) O
L0_13:  (0.11375,0.8324) -- (0.15465,0.8164) W
L0_14:  (-0.04115,0.8504) -- (-0.02815,0.883) O
L0_15:  (-0.03925,0.6925) -- (0.03655,0.6637) D
L0_16:  (-0.01005,0.8834) -- (0.10785,0.8425) D
L0_17:  (-0.11945,0.7283) -- (-0.03375,0.698) W
L0_18:  (-0.10155,0.8744) -- (-0.03915,0.8518) O
L0_19:  (-0.67245,1.1095) -- (-0.12255,0.9145) W
L0_20:  (-0.35015,0.8102) -- (-0.26325,0.7806) W
L0_21:  (-0.85565,0.992) -- (-0.54985,0.8802) W
L0_22:  (-0.81285,1.1619) -- (-0.76015,1.1424) W
L1_1:  (-0.41415,0.5664) -- (-0.32805,0.8051) W
L1_0:  (-0.60545,0.7285) -- (-0.56865,0.889) W
L1_2:  (-0.87295,0.0002) -- (-0.59875,0.756) W
L1_3:  (-0.44905,0.4741) -- (-0.39055,0.4534) O
L1_4:  (-0.55165,0.1848) -- (-0.44495,0.4788) W
L1_5:  (-0.73325,-0.3091) -- (-0.60985,0.0262) W
L1_6:  (-0.90995,-0.0703) -- (-0.87955,0.0148) D
L1_7:  (-0.92735,-0.1451) -- (-0.90025,-0.0689) W
L1_8:  (-1.00715,-0.2867) -- (-0.96695,-0.3033) O
L1_9:  (-0.75705,-0.3973) -- (-0.72295,-0.3077) D
L1_10:  (-0.98895,-0.3773) -- (-0.96115,-0.3027) O
L1_11:  (-0.89725,-0.5652) -- (-0.84955,-0.5841) O
L1_12:  (-0.78515,-0.4478) -- (-0.76245,-0.3881) W
L1_13:  (-1.26165,-1.055) -- (-1.00935,-0.3664) W
L1_14:  (-0.87395,-0.6337) -- (-0.85365,-0.5804) W
L1_15:  (-0.93675,-0.6818) -- (-0.89495,-0.5645) O
L1_16:  (-0.96215,-0.8233) -- (-0.91445,-0.6881) W
L1_17:  (-1.03675,-1.0261) -- (-0.95705,-1.0487) O
L1_18:  (-1.08125,-1.1509) -- (-1.03295,-1.018) W
L1_19:  (-1.26165,-1.0508) -- (-1.22215,-1.0594) O
L1_20:  (-1.25355,-1.1619) -- (-1.22275,-1.0631) O
L1_21:  (-1.23585,-1.0441) -- (-1.22115,-1.0651) O
L1_22:  (-0.97125,-0.1276) -- (-0.92845,-0.1412) O
